102001200
102050200
102050202
102050203
102109200
102109201
102401200
102403200
102447200
385003200
385882201
104018200
104057200
104312200
104327201
104336201
104599200
104640200
104738200
104773200
104792201
104792202
104794201
104794202
104798201
104800200
104829200
104829201
104829203
104829204
104846201
104846202
104846203
104846204
104864200
104866200
104871200
104882201
104882202
104888201
504010200
504014200
504242200
504242201
504242203
504242204
504546201
504546202
504546204
105433200
105666200
105872200
505010200
505133200
505230200
505366200
404009200
404426200
286031200
286057200
286307200
286362200
286480200
286511200
286894201
286894202
686006200
686066200
686108200
686180200
686370200
111103200
111106200
111057201
111057202
111160200
111428200
111423200
111424200
111399201
111399202
111480200
111487200
111497201
111497202
111543200
111562200
111549200
111549202
111615201
111615202
111629200
111680200
111686200
111691200
111721200
111724200
111785200
111805200
111879200
111868200
111857201
111857202
111857203
111865200
111865202
111882201
111882202
111882203
111882204
111882205
111896201
111896202
111896203
111896204
111896205
111896206
111896207
111896208
111896209
111896210
111896211
111896212
511027200
511051200
511047200
511169200
511230200
511195200
511234200
511257200
511266200
511291200
511441200
511450200
511559200
511559202
511521201
511521202
511521203
511521204
511521205
511521206
511521207
511620201
511620202
511620203
511620204
511620205
511620206
511620207
511620208
511620209
511620210
511620211
384091200
384313200
384372200
384409200
384414200
384564200
384618200
384694200
384694201
384737200
384884201
384884202
384884203
384894201
384894202
784042200
784072200
784109200
784114200
784192200
784198200
784198300
784468200
784546200
784590200
287016201
287016202
287016203
287057200
287325200
287325201
287344200
287336200
287370200
687106200
687240200
115090200
515033200
515052200
515054200
288003200
288014200
288339200
288373200
288376200
288618200
288725200
688182200
688194200
119002200
119002201
119016200
119017200
119019200
119020200
119095200
119624200
119634200
119634201
119641200
119649200
119654200
119657200
119657202
119650200
119665200
119821201
119821202
119847200
119863200
119876201
119872201
119882201
119882202
119882203
119882204
119882205
119882206
119888201
119888202
119888203
519366200
519366201
519366202
519366203
519375200
519375201
519381200
519381201
519386201
519386202
519390200
519390201
519395200
519400201
519411200
519441200
519441201
519620201
519620202
519620203
519620204
519620205
519620206
519620207
519620208
519620209
519620210
519620211
519620212
519620213
519620214
519620215
519620216
519620217
519620218
519620219
118278200
118287200
118297201
118307200
118311200
118521200
118327200
118527200
118540200
118543200
118561200
118568200
118584200
118593200
118591200
118599200
118635200
118635201
118635203
118635204
118635205
118635206
118624200
118729200
118871201
118883201
118883202
118888201
118889201
118889202
118889203
118889204
118894201
118894202
118894203
118894204
518008200
518154200
518200200
518200201
518402200
518482200
518960201
518960202
518960203
518790200
119002200
119002201
119016200
119017200
119019200
119020200
119095200
119624200
119634200
119634201
119641200
119649200
119654200
119657200
119657202
119650200
119665200
119821201
119821202
119847200
119863200
119876201
119872201
119882201
119882202
119882203
119882204
119882205
119882206
119888201
119888202
119888203
519366200
519366201
519366202
519366203
519375200
519375201
519381200
519381201
519386201
519386202
519390200
519390201
519395200
519400201
519411200
519441200
519441201
519620201
519620202
519620203
519620204
519620205
519620206
519620207
519620208
519620209
519620210
519620211
519620212
519620213
519620214
519620215
519620216
519620217
519620218
519620219
257060200
257181200
257183200
257294200
257672200
257889201
257896201
257896202
657003200
657003202
657030200
657101200
657256200
657495201
657920200
121060200
121090200
121291200
121291201
121291202
121426200
121486200
121554200
121714200
121728200
121729200
121733200
121740200
121734200
121735200
121736001
121812200
121812201
121812202
121872201
121872202
121873201
121884201
121884202
121881201
121890201
121890202
521004200
521092200
521360201
521620200
521620201
521620203
123009200
123009210
123012200
123048200
123200200
123421200
123482200
123894201
123894202
123894203
523427200
523430200
523444200
523452200
523568201
523568202
523568203
523568204
523568205
523568206
523568207
523568208
523568209
523568210
523568211
523568212
523568213
523568214
523568215
523568216
523568217
523568218
523568219
523576200
523620201
523620202
523620203
523620204
523620205
523620206
523620207
523620208
523620209
250297201
250297202
250360200
250486200
250535200
250630200
250702200
250732200
250756200
250781200
250810200
250822200
250894201
250894202
250894203
250894204
250894205
250894206
250894207
250894208
250894209
250894210
250894211
250894212
650140200
650145200
650150200
650156200
650186200
650199200
650235200
650301200
650312200
650330200
650432200
650510200
650522200
650570200
650571200
650572200
650573200
650574200
650575200
650566200
650567200
650579200
650588201
650588202
650588203
650594200
650620201
650620202
650620203
650620204
650620205
650620206
650620207
650620208
782144200
782312200
782426200
188894201
129297201
129540200
129894201
129894202
129894203
129894204
129894205
529007200
529099200
529174201
529174202
529166200
529305200
529406200
529576201
529620200
133405200
133838201
533030200
533050200
533069200
533121200
533190200
533348200
533341200
533378200
533391200
533398200
533406200
533490200
533510200
533594201
134297201
534002200
534012201
534013201
534014201
534014202
534014203
534018200
534042200
534049200
534054200
534062200
534066200
534120200
534120201
534120202
534121200
534121201
534122200
534123200
534123201
534138200
534150200
534162200
534174200
534362200
534408200
534516200
027016200
027017200
027863200
027869200
027894201
027894202
027894203
027894204
027894205
027894206
027894207
027894208
027894209
027894210
027894211
027894212
027894213
135300200
535001200
535090201
535120200
535192201
535198201
535243200
535270200
535306200
535420201
535605200
535612200
535619200
535627201
369297201
369297202
369297203
369308200
369314200
369318200
369322200
369325200
369327201
369327202
369327203
369327204
369328200
369329200
369349200
369396200
369414200
369450200
369510200
369828201
369864200
369894201
369894202
369894203
769096200
769114200
769150200
769210200
769482200
769540201
769570200
769571200
769572200
769573200
769574200
769575200
769576200
769577200
769578200
769581200
769582200
769583200
769584200
769585200
769594200
769620201
769620202
769620203
769620204
769620205
769620206
769620207
769620208
769620209
769620210
769620211
142043200
142043220
142117200
142117220
142044200
142044230
142119200
142119220
142045200
142057200
142057201
142141200
142142200
142088200
142088220
142185200
142187200
142092200
142267200
142267201
142268201
142268202
142290201
142290202
142290203
142291201
142297201
142297202
142297203
142297204
142300200
142330200
142350200
142357200
142381200
142410200
142421200
142520200
142571200
142637200
142637220
142638200
142639200
142645200
142641200
142640200
142650200
142660200
142661200
142684200
142696200
142730200
142764200
142775200
142537201
142852200
142853200
142864201
142864202
142864203
142864204
142864205
142864206
142864207
142864208
142864209
142864210
142864211
142864212
142864213
142864214
142864215
142864216
142864217
142864218
142864219
142864220
142864221
142864222
142864223
142864224
142864225
142864226
142864227
142864228
142864229
142864230
142864231
142864232
142864233
142864234
142864235
142864236
142864237
142864238
142864239
142864240
142864241
142864242
142864243
142864244
142864245
142864246
142864247
142864248
142864249
142864250
142864251
142864252
142864253
142876201
142876202
142876203
142876204
142876205
142876206
142876207
142877201
142877202
142877203
142877204
142896201
142896202
142896203
142896204
142896205
142896206
142896207
142896208
142896209
142896210
142896211
142896212
542001200
542019200
542015200
542021200
542024200
542030200
542036201
542108200
542097200
542100200
542101200
542102200
542103200
542109200
542107200
542105200
542106200
542096200
542095200
542089200
542088200
542085200
542149200
542170200
542217200
542218200
542219200
542221200
542223200
542227200
542228200
542229200
542230200
542254200
542255200
542267200
542295200
542309200
542314200
542344200
542374200
542376200
542379200
542380200
542381200
542382200
542383200
542384200
542385200
542386200
542387200
542388200
542390200
542391200
542392200
542393200
542394200
542370200
542358200
542338200
542396200
542404200
542405200
542435200
542443200
542447200
542469200
542500200
542502200
542503200
542506200
542432200
542433200
542526200
542534200
542620201
542620202
542620203
542620204
542620205
542620206
542620207
542620208
542620209
542620210
542620211
542620212
542620213
542620214
542620215
542620216
542620217
542620218
542620219
542620220
542620221
542620222
542620223
542620224
542620225
542620226
542620227
542620229
542620230
542620232
542620233
542620234
542620235
542620236
542620237
542620238
542620239
542620240
542620241
542620242
542620243
542620244
542620245
542620246
542620247
542620248
542620249
542620250
542620251
542620252
542620253
542620255
542620256
542620257
542620258
542620259
542620260
542620261
542620262
542620263
542620264
542620265
542620266
542620267
542620268
542620269
144057200
144057201
144291200
144297201
144302200
144306200
144440200
144334200
144468200
144472200
144491200
144535200
144543200
144583200
144618200
144662200
144720200
144696200
144739200
144748200
144747200
144768200
144829200
144829202
144829203
144829204
144829205
144829206
144835200
144873201
144874200
144874202
144875200
144875202
144895201
144897201
144897202
144898201
144898202
144898203
144898204
544060200
544090200
544306200
544348200
544546200
544546201
544546203
544546204
544546205
544620200
259009200
259009210
259010201
259010202
259010203
259018201
259018202
259019201
259019202
259150200
259240200
259302201
259302202
259313200
259313210
259342200
259354200
259362200
259607200
259624200
259690200
259810200
259816200
259848210
659042200
659391200
659571200
371054200
371057200
371287201
371287202
371288201
371286201
371360200
371390200
371750200
371869200
371870201
371871201
371888201
371888202
371888203
371894201
371894202
371894203
148012200
148180200
148538200
148542200
148674200
148686200
148726200
148888201
148889201
148894201
548620201
548620202
548620203
548620204
548620205
548770200
024001201
024001202
024001203
024030200
024057200
024057201
024267200
024297201
024300200
024306200
024312200
024360200
024366200
024396200
024402200
024474200
024480200
024516200
024522200
024570200
024582200
024600200
024624200
024672200
024690200
024696200
024720200
024732200
024768200
024792200
024810200
024827200
024827202
024827203
024835201
024847200
024882201
024888201
024890201
024890202
024894201
024894202
024894203
024894204
024894205
024894206
040058201
040058202
040180201
040180202
040180203
040180204
040271201
040301200
040480201
040668201
040721200
040775201
040775202
040775203
040775204
040775205
040824201
840068200
840096201
840132200
840225200
840264200
840276201
840282201
840301201
840324201
840337201
840348201
840383200
840423201
840471200
840503200
840505201
840517200
840523200
840547201
840600201
840600204
840600206
840600207
840600208
840600210
840600212
840600213
840600215
840600216
840600217
840600219
840600220
840600221
840600222
840600226
840600227
840600228
840677201
840673200
840737200
840767201
840769201
840770201
840775201
152010200
152011200
152016200
152018201
152018202
152018203
152018204
152018205
152018206
152018207
152019201
152019202
152019203
152019204
152019205
152019206
152266200
152301200
152618200
152762200
152833201
152846201
152846202
152846203
152888201
152888202
152895201
556256200
556499201
556499202
556499203
556499204
556499205
556530200
556620200
556620201
556620202
556775200
187093200
187096200
187101200
187105201
187105202
187105203
187105204
187154200
187336200
187372200
187372280
187344200
187350200
187444200
187510200
187516200
187590200
187650200
187650210
187686201
187686202
187686203
187686204
187686205
187686206
187689200
187696200
187709200
187720200
187780200
187787200
187799200
187822200
187827200
187827210
187894201
187894202
187894203
187894204
187894205
187894206
187894207
187894208
187894209
587005200
587077200
587144200
587179201
587179202
587217280
587232201
587232202
587239200
587276200
587294201
587357201
587368200
587387200
587405280
587446200
587509200
587522200
587562200
587582200
587581201
587581202
587581203
587581204
587581205
587581206
587581207
587581208
587581209
587581210
587581211
587581212
587581213
587581214
587581215
587581216
587581217
587581218
587581219
587581220
587581221
587581222
587581223
587581224
587581225
587581226
587581227
587581228
587581229
587581230
587581231
587581232
587581233
587581234
587581235
587581236
587581237
587581238
587581239
587581240
587581241
587581242
587581243
587581244
587581245
587581246
587581247
587620201
587620202
587620203
587620204
587620205
587620206
587620207
587620208
587620209
587620210
587620211
587620212
587620213
587620214
587620215
587620216
587620217
587620218
587620219
587620220
539062200
539063200
539132200
539205200
539528201
539528202
539540201
539540202
539540203
539540204
173016200
173016202
173032200
173049200
173051200
173135200
173168200
173180200
173190200
173202200
173204200
173205200
173306200
173337200
173354200
173381200
173391200
173396200
173571201
173571202
173660200
573068200
573270201
573270202
573613200
573618200
573628200
573630200
573682201
573682202
573682203
573682204
573682205
573682206
573682207
573781201
573781202
573781203
573781204
573781205
573781206
573781207
573794200
175057200
175297201
175890201
175890202
175890203
175890204
175890205
175890206
175890207
175890208
175890209
175890210
175890211
175890212
141057200
141063200
141069200
141076200
141085200
141325200
141617200
141633200
141655200
141656200
141657200
141665200
141678200
141870201
141870202
141871201
141895201
141895202
141895203
141895204
541620201
541620202
541620203
541620204
541620205
541620206
541620207
541620208
541620209
541620210
541620211
541620212
541620213
541620214
541620215
541606200
541608200
541608201
541608203
541608204
541608205
402600200
402870201
402870202
402870203
402876201
402876202
402894201
402894202
402894203
402894204
402894205
402894206
802300200
802300201
802594201
802594202
802594203
028426200
028450200
028684200
028872201
028878201
028888201
028888202
028894201
028894202
028894203
028894204
028894205
028894206
028894207
028894208
028894209
028894210
028894211
028894212
216030200
216342200
216420200
411024200
411027200
411039200
411057200
411057201
411306200
411320200
411336200
411366200
411367200
411372200
411408200
411426200
411450200
411517200
411518200
411612200
411618200
411828200
411858200
411862200
411978200
411888201
411894201
411894202
411894203
811002200
811024200
811036200
811150200
811186200
811212200
811312200
811518200
811524200
811530200
811548200
811556200
811562200
811563200
811569200
811577200
811578200
811588200
811588201
811620201
811620202
811620203
811620204
811620205
811620206
811620207
128051200
128057200
128057201
128057202
128297201
128336200
128379200
128385200
128426200
128439200
128445200
128446200
128474200
128487200
128510200
128534200
128570200
128588200
128624200
128630200
128672200
128671201
128671202
128671203
128671204
128671205
128751200
128774200
128783200
128812200
128816200
128858201
128858202
128858203
128858204
128858205
128858206
128858207
128858208
128858209
128858210
128858211
128858212
128858213
128858214
128858215
128858216
128858217
128858218
128858219
128858220
128858221
128858222
128858223
128858224
128858225
128858226
128858227
128858228
128858229
128858230
128867201
128867202
128867203
128867204
128867205
128867206
128867207
128867208
128867209
128867210
128867211
128867212
128867213
128867214
128867215
128867216
128867217
128867218
128867219
128867220
128867221
128867222
128867223
128867224
128867225
128867226
128867227
128867228
128867229
128867230
128885201
128885202
128885203
128886201
128886202
128886203
128887201
128887202
128887203
128888201
128888202
128896201
128896202
128896203
128896204
128896205
128896206
128896207
128896208
528210200
528222200
528577201
528577202
528577203
528577204
528577205
528577206
528577207
528577208
528577209
528577210
528577211
528577212
528577213
528577214
528577215
528577216
528577217
528577218
528577219
528577220
528577221
528577222
528577223
528577224
528577225
528577226
528577227
528577228
528577229
528577230
528577231
528577232
528577233
528582201
528582202
528582203
528582204
528582205
528582206
528620201
528620202
528620203
528620204
528620205
528620206
528620207
528620208
528620209
528620210
528620211
528620212
528620213
528620214
528620215
528620216
528620217
528620218
528620219
528620220
528620221
528620222
528620223
528620224
528620225
528620226
528620227
528620228
528620229
528790200
180004200
180004220
180008200
180052200
180057201
180057202
180057203
180057204
180123200
180123220
180264200
180346200
180364200
180364220
180374200
180318200
180420200
180420201
180330200
180330210
180334200
180329200
180328200
180342200
180421200
180428200
180438200
180480200
180558200
180611200
180673200
180720200
180740200
180828200
180534200
180870201
180870202
180841201
180841202
180900201
180900202
580061200
580014200
580023200
580017200
580033200
580035200
580036200
580048200
580026200
580045200
580071200
580078200
580091200
580111200
580114200
580127200
580168200
580174200
580195200
580230200
580236200
580297200
580313200
580383200
580414200
580422200
580429200
580474200
580480200
580488200
580494200
580512200
580522200
580528200
580586200
580600201
580600202
580600203
580600204
580600205
580775200
183057201
183057202
183276200
183297201
183297202
183297203
183348200
183324200
183420200
183462200
183480200
183573201
183792201
183792202
183794200
183794202
183801201
183803200
183822201
183822200
183822202
183822204
183822205
183839200
183834201
183834202
183835200
183866200
183572200
183870201
183871201
183871202
183876201
183872201
183873201
183881201
183900200
183900201
183900203
183900204
183900205
183900206
183900207
183900208
183900209
583065200
583067200
583066200
583185200
583180200
583210200
583216201
583216202
583217201
583217200
583226201
583242201
583145200
583276200
583270200
583280200
583349200
583385201
583385202
583391200
583403200
583404201
583418200
583421201
583421202
583431200
583478201
583478202
583478203
583478204
583482201
583493200
583442200
583828200
583828201
583428201
583565201
583565202
583565203
583565204
583565205
583565206
583565207
583565209
583565210
583565211
583565212
583565213
583565214
583565215
583565216
583565217
583565219
583565221
583565222
583565223
583565224
583565225
583587201
583587202
583591200
583591202
583591204
583783200
190007200
190048200
190297201
190307200
190412200
190416200
190448200
190460201
190460202
190460203
190460204
190460205
190460206
190471200
190472200
190493201
190493202
190493203
190493204
190495200
190495201
190496200
190498200
190509200
190509210
190511201
190511202
190511203
190511204
190511205
190511206
190402200
190576200
190611200
190618200
190630200
190675200
190779200
190790200
190801200
190720200
190836200
190848200
190848210
190861200
190894201
190894202
190894203
190894204
190894205
190894206
190894207
190894208
190894209
190894210
190894211
190894212
594013200
594046280
594039200
594053200
594053280
594060280
594066200
594066280
594074200
594094200
594094280
594121200
594151200
594173280
594175200
594178200
594183200
594183280
594185280
594188200
594194200
594211200
594229201
594229202
594229203
594238200
594303200
594312200
594368200
594410200
594412201
594571201
594576201
594576202
594576203
594576204
594576205
594576206
594576207
594576208
594576209
594576210
594576211
594576212
594576213
594576214
594576215
594576216
594576217
594576218
594576219
594576220
594576221
594576222
594576223
594576224
594576225
594576226
594576227
594576228
594576229
594576230
594576231
594576232
594576233
594576234
594576235
594576236
594576237
594576238
594576239
594576240
594576241
594576242
594576243
594576244
594576245
594576246
594576247
594576248
594576249
594576250
594576251
594582201
594594201
594594202
594594203
594594204
594594205
594594206
594594207
594594208
594594209
594594210
594594211
594594212
594594213
594594214
594594215
594594216
594594217
594594218
594594219
594594220
594594221
594594222
594594223
594594224
594594225
594594226
594594227
594594228
594594229
594594230
594594231
594594232
594594233
594594234
594594235
594594236
594594237
594594238
594594239
594594240
594594241
594594242
594594243
594594244
594594245
594594246
594594247
594594248
594620201
594620202
594620203
594620204
594620205
594620206
594620207
594620208
594620209
594620210
594620211
594620212
594620213
594620214
594620215
594620216
594620217
594620218
594620219
594620220
594620221
594620222
594620223
594620224
594620225
594620226
594620227
594620228
594620230
594620231
594620232
594620233
186285201
186321200
186361200
186377200
186425201
186780200
186799200
186811200
186865201
186894201
186894202
586000280
586006280
586596201
586596202
586596203
586596204
586596205
586596206
586596207
586596208
586596209
586596210
586596211
586596212
586596213
586596214
586596215
586596216
586596217
586596218
586596219
586596220
586596221
586596222
586596223
586596224
586596225
586620201
586620202
586620203
586620204
586795201
196120200
196113201
196113202
196113203
196113204
196113205
196113206
196113207
196113208
196113209
196113210
196113211
196113212
196113213
196113214
196113215
196113216
196113217
196113218
196112200
196112201
196030200
196032200
196056201
196056202
196056203
196090200
196170200
196275200
196276200
196234200
196293200
196297201
196303200
196313200
196385200
196388200
196373200
196376200
196394200
196389200
196402200
196404200
196425200
196445200
196451200
196475200
196472200
196511200
196518200
196518201
196522200
196522201
196529200
196529202
196534200
196541200
196552200
196570200
196599200
196601200
196602200
196607200
196610200
196642200
196669200
196686200
196698200
196703200
196708200
196728200
196734200
196738200
196739200
196746200
196773200
196773210
196800201
196807200
196809200
196811200
196811201
196811202
196811203
196811204
196811205
196811206
196811207
196811208
196811210
196811211
196831201
196843200
196844200
196856200
196845201
196845202
196845203
196842201
196873201
196846201
196846202
196894201
196894202
196894203
596318200
596338200
596413200
596438200
596448200
596454200
596455200
596467200
596420200
596620201
596620202
596620203
596620204
596620205
596620206
596620207
596620208
596620209
596620210
596620211
596620212
596620213
596620214
596620215
596620216
596620217
596790200
197066201
197093201
197093202
197093203
197093204
197085201
197085202
197085203
197085204
197085205
197085206
197106200
197119201
197120200
197126200
197342201
194009201
194036201
194036202
194036203
194036204
194036205
194006201
194006202
194006203
194006204
194006205
194006206
194006207
194006208
194099201
194099202
194099203
194099204
194099205
194099206
194099207
194099208
194099209
194099210
194099211
194099212
194099213
194099214
194099215
194099216
194099217
194099218
194099219
194099220
194099221
194099222
194099223
194099224
194099225
194099226
194099227
194099228
194099229
194099230
194099231
194099232
194099233
194099234
194099235
194099236
194099237
194099238
194099239
194099240
194099241
194099244
194099245
194099246
194099247
194099248
194010201
194481201
194481202
194481203
194481204
194481205
194750200
194870201
600679200
600680200
600681200
600682200
600684200
600685200
600685202
184006201
184006202
184006203
184006204
184006205
184006206
184036200
184090200
184474200
184720200
184782200
184812200
184813200
184834200
184834202
184834203
184858200
184989201
184894201
684593200
684623201
684604201
684604202
684604203
684604204
684604205
684621200
684622200
684624200
042297201
042300200
042540201
042616200
042642201
042684200
042882201
842019201
842012201
842036201
842042201
842048201
842079201
842084201
842240200
842303201
842314200
842315200
842316200
842313200
842347201
842351200
842384200
842420201
842570200
842571200
842569200
842574200
842575200
842576200
842577201
842578200
842579200
842580200
842581200
842600201
842600203
842600206
842600207
842600212
842600213
842600214
842600215
842600218
842600220
842600221
842600222
842602200
842622201
842624200
842742200
044297201
044300200
844004200
844134201
844163200
844180200
844186200
844240201
844259201
844264200
844294201
844343201
844421200
844438201
844546202
844552200
844558200
844600202
844600203
844600204
844600205
844600206
844600207
844600208
844600209
844600210
844600211
844600212
844600213
844600214
844600215
844600216
844600217
844600218
844600219
844600220
844600221
844600222
844600223
844600224
844600225
844600226
844600228
844600229
844600230
844600231
844600232
844600233
844600234
844600235
844600236
844600237
844600238
844600239
844600240
844600241
844600242
844600243
844600244
844600245
844600246
844600247
844600248
844600249
844600250
844600251
844608201
208023200
208057200
208057202
208060200
208090200
208150200
208171200
208213201
208213202
208213203
208213204
208213205
208213206
208213207
208213208
208213209
208213210
208213211
208251200
208252200
208253200
208254200
208255200
208255201
208260200
208263200
208265200
208269200
208269201
208269204
208275200
208275201
208275203
208275204
208276200
208354200
208396200
208434200
208452200
208465200
208476200
208582200
208667201
208668200
208669200
208670200
208671201
208671202
208676200
208679200
208681200
208685201
208685202
208685204
208689200
208689202
208689203
208689204
208692200
208690200
208726201
208726202
208726203
208726204
208726205
208726206
208726207
208726208
208726209
208726210
208726211
208762201
208762202
208762203
208762204
208762205
208762206
208762207
208775200
208786200
208816200
208816202
208829200
208871201
208884201
208898201
608012200
608019200
608042200
608048200
608134200
608420200
608486200
608546200
608552200
608620201
608620202
608620203
608620204
608620205
608620206
608620207
608620208
608620209
608620210
608620211
608620212
608620213
608620214
608620215
608620216
026894201
376009200
376018200
238150200
238296200
238301200
238302200
238336200
238360200
238372200
238384115
238402200
238408200
238433200
238435200
238444200
238445200
238456200
238492200
238498200
238504200
238504201
238512200
238552200
238567200
238600200
238606200
238615200
238618200
238624200
238626200
238630200
238678200
238684200
238751200
238768201
238768202
238768203
238768204
238768205
238768206
238768207
238768208
238768209
238768210
238768211
238768212
238768213
238786200
238788200
238800200
238819200
238829200
238872201
238872202
238872203
238872204
238895201
238895202
238895203
638018200
638024200
638036200
638037200
638049200
638057200
638067200
638072200
638102200
638114200
638132200
638138200
638144200
638252200
638438200
638444200
638456200
638499200
638500200
638505200
638505201
638468200
638542200
638551200
638564200
638572200
638576200
638584200
638588201
638588202
638588203
638588204
638588205
638588206
638588207
638588208
638588209
638588210
638588212
638588213
638588214
638588215
638588220
638588230
638589201
638589202
638589203
638600200
638601200
638606200
638606202
638610200
638624200
638626201
638626202
638626203
638627200
638632200
638647200
638660200
638662200
638662201
638668201
638668202
638668203
638668204
638668205
638703200
638707200
638709200
638718200
638718201
638718202
638763201
638772201
638772202
638772203
638772204
638772205
638772206
638772207
638774201
638774202
638774203
638774204
638774205
638774206
638774207
638774208
638774209
638778200
638790200
638792200
638796200
236003201
236003202
236003203
236003204
236006201
236006202
236006203
236009201
236009202
236009203
236009204
236009205
236009206
236012201
236012202
236015201
236015202
236018201
236018202
236018203
236036200
236048200
236057200
236297201
236301200
236307200
236330200
236384200
236430200
236504200
236522200
236553200
236683200
236696200
236537201
236847200
636013200
636019200
636024200
636042200
636420200
636620201
636620202
405030200
405312200
405324200
405331200
405336200
405354200
405425200
405426200
405501200
405504200
405516200
405584200
405672200
405810200
405810206
405822200
405822201
405822203
405850200
405870201
405871200
405890201
405890202
405890203
405894201
405894202
805312200
805318201
805318202
805510200
805510201
805620200
805790200
226006201
226006202
226006203
226006204
226006205
226006206
226062201
226062202
226062203
226062204
226062205
226062206
226062207
226062208
226062209
226062210
226068201
226068202
226068203
226068204
226068205
226068206
226068207
226068208
226083201
226083202
226083203
226083204
226083205
226092201
226092202
226092203
226092204
226092205
226092206
226092207
226092008
226092209
226182201
226182202
226182203
226182204
226182205
226182206
226182207
226182208
226182209
226182210
226182211
226212201
226212202
226212203
226212204
226212205
226212206
226212207
226212208
226221201
226221202
226221203
226221204
226221005
226221006
226221207
226227201
226227202
226227203
226227204
226227205
226227206
226227207
226275201
226275202
226275203
226275204
226275205
226275206
207012200
207077200
207086200
207018200
207021200
207271201
207290200
207297201
207312200
207369200
207402200
207483200
207517200
207523200
207545200
207556200
207564200
207618200
207606200
207682200
207697200
207738200
207772200
207832201
207846200
207846201
207846202
207866200
207870201
207883201
207830201
207830202
207830203
207830204
207830205
207830206
207830207
607044200
607168200
607206200
607218200
607390200
607536200
607550200
607560200
607594200
607596200
607620201
607620202
607620203
607620204
607620205
607620206
607620207
607620208
215010201
215010202
215015201
215015202
215015203
215015204
215025201
215030201
215057200
215190200
215266200
215362200
215373200
215552200
215624200
215648200
215738200
215849200
215882201
215896201
215896202
615254200
615420200
615620201
615620202
224327200
224552200
224896201
224896202
022057200
022097201
022303200
022660200
022896201
022896202
022896203
022896204
022896205
022896206
022896207
022895201
022895202
022895203
022895204
022895205
022895206
022895207
022895208
022895209
022895210
022895211
022895212
022895213
022895214
022895215
022895216
022895217
022895218
022895219
022895220
022895221
022895222
022895223
022895224
022895225
022895226
022895227
022895228
022895229
022895230
522620200
149015200
149324200
149396200
549367200
549407200
409300200
809002200
809026200
809036200
809090200
809096200
809152201
809192200
809224200
809298200
809312200
809390200
809522201
809528200
809540201
809600201
809600202
809644201
809644202
809646201
809660200
809668201
809441201
809690200
809699200
290007200
290007201
290398200
290448200
290496200
290828200
290882201
290896201
690262200
377009200
377018200
221009200
221019200
221020200
221047200
221049200
221051200
221065200
221069200
221066201
221066202
221066203
221087200
221289200
221289202
221289203
221289204
221289205
221292201
221292202
221293201
221293202
221293203
221294201
221294202
221279201
221283201
221297201
221297202
221315200
221340200
221344200
221351200
221353200
221372200
221383200
221392200
221395200
221420200
221441200
221451200
221465200
221476200
221506200
221513200
221548200
221564200
221567200
221604200
221615200
221633200
221639200
221684200
221693200
221697200
221741200
221760200
221780200
221894201
221744201
221790200
221790202
221790203
221790204
221790205
221790206
221791201
221791202
221791203
221791204
221791205
221791206
221795200
221792201
221887201
221888201
221895201
221896200
221806201
221867201
221809201
221823201
221823202
221853201
221853202
221853203
221853204
221853205
221853206
221853207
221853208
221853209
221898201
221898202
221898203
221898204
221898205
221898206
621011201
621014201
621023200
621024200
621033201
621036201
621036202
621036203
621036204
621037201
621037202
621039201
621045201
621045202
621046201
621048201
621082201
621138201
621202201
621208201
621259201
621506201
621620201
621620202
621620203
621620204
621620205
621620206
621620207
621620208
621620209
621620210
621620211
621620212
621803200
222008200
222033200
222096200
222054201
222054202
222054203
222054204
222054205
222054206
222054207
222054208
222049200
222159200
222164200
222173200
222219200
222262200
222270200
222298201
222305200
222301200
222301201
222304200
222308200
222325200
222306200
222343200
222366200
222451200
222462200
222469200
222474200
222526200
222530200
222548200
222642200
222738200
222744200
222750200
222762200
222768200
222855200
222855202
222855203
222855204
222855205
222895201
222895202
222895203
222895204
222895205
222895206
276297201
276444200
276518200
276890201
276890202
276890203
676144200
676179201
676179202
676221200
676312200
676330200
366308200
255023200
227060200
627491200
378009200
378018200
228091200
228534200
228894200
228894202
628007200
628019200
628234200
628319200
628474200
628493200
628535201
628535202
628535203
628535204
628535205
628535206
628535207
628541200
628550201
628590200
628621200
628621201
628646200
628664200
628677200
628724200
628794201
628794202
628794203
628796200
407846200
407890201
229301200
229846200
229846201
229890201
229895201
291003200
291063200
291341200
291353200
291335200
291364200
291526200
291822200
291896201
291896202
691101200
691102200
691122200
292057200
292366200
634001200
237003201
237003202
237003203
237009201
237009202
237009203
237009204
237015201
237015202
237015203
237015204
237021200
237024200
237027200
237094200
237110200
237300200
237318200
237402200
237462200
237846200
237870201
237889201
237889202
237889203
237895201
237895202
237897201
637265200
637420200
637580200
637620201
637620202
637620203
261009200
261009210
261018201
261018202
261018203
261150200
261210200
261302201
261302202
261302203
261315200
261313200
261320200
261439200
261462200
261482200
261607200
261630200
261847200
661158200
661580200
293057200
293553200
293603200
293730200
293762200
293772200
293792200
267009200
267011200
267018200
267120200
267180200
267302200
267308200
267320200
267326200
267332200
267780200
267805200
267847200
667018200
667018202
667032200
667060200
667210200
667432200
667573200
667577200
150031200
150031210
150031220
150320200
150375200
550014200
550072200
550138200
640372200
640384200
880202101
880202102
880205101
880207101
880208101
880209101
880211101
880211102
880212101
880214101
880216101
880217101
880220101
880222101
880224101
880228101
880230101
880230102
880236101
880239101
880250101
880266101
880269101
880271101
880273101
880274101
880286101
880290101
880291101
880295101
880300101
880312101
880315101
880317101
880319101
880326101
880327101
880328101
880332101
880338101
880343101
880357101
880363001
880364101
880370101
880380101
880383101
880389101
880391101
880392101
880397101
880401101
880406101
880407101
880426101
880427101
880433101
880434101
880438101
880445101
880447101
880501101
880513101
880521101
880523101
880535101
880542101
880543101
880046101
880547101
880548101
880548102
880549101
880551101
880555101
880566101
880069101
880069102
880072101
880579101
880587101
880592101
880595101
880610101
880615101
880618101
880622101
880633101
880639101
880640101
880641101
880645101
880988101
880948101
880650101
880653101
880655101
880656101
880668101
880669101
880672101
880673101
880068101
880688101
880700101
880700102
880001101
880705101
880708101
880709101
880010101
880712101
880714101
880715101
880017101
880720101
880021101
880724101
880725101
880728101
880735101
880736101
880740101
880744101
880747101
880048101
880750101
880755101
880810101
880810102
880811101
880050101
880940101
246309200
246450200
246504200
246780200
246786200
246798200
246798201
246850200
252003200
252003220
252006200
252006220
252009200
252009220
252012200
252012220
252012240
252100200
252045200
252047201
252047202
252047203
252071200
252091200
252267200
252852200
252853200
652620201
652620202
652620203
253002200
253002230
253090200
253297201
253312200
253334200
253330200
253385200
253361200
253420200
253437200
253422200
253459200
253499200
253564200
253666200
253641200
253675200
253676200
253691200
253745200
253753200
253882201
253882202
253882203
253894200
253894202
253894203
253894204
653017200
653072200
653146200
653149200
653382200
653382201
653383200
653383201
653390200
653391200
653391201
653391202
653406200
653407200
653435200
653440200
653459200
653394200
653512200
653518200
653620201
653620202
653620203
653620204
653620205
653620206
653620207
653620208
653620209
653620210
653620211
653620212
653620213
653620214
653704200
653704201
653725200
653680200
653795201
653795202
260001200
260001220
260002200
260057201
260057202
260297201
260320200
260320201
260491200
260491201
260492200
260492201
260510200
260510201
260518200
260528200
260528201
260539200
260539201
260540200
260541200
260548201
260548202
260605200
260780201
260780202
260780203
260780204
260780205
260870201
260894201
260894202
660029200
660072200
660072201
660072202
660074200
660074201
660098200
660139200
660141200
660160200
660152200
660152201
660159200
660159201
660168201
660186200
660186201
660189200
660189201
660190201
660192200
660194200
660196200
660196202
660143200
660144200
660145200
660199200
660224201
660229200
660240201
660240202
660254200
660268200
660271200
660300201
660300202
660338200
660321201
660325200
660347200
660347201
660353200
660353201
660364200
660371200
660371201
660373201
660373202
660380200
660384200
660390200
660451201
660451202
660451203
660421201
660422200
660428200
660454200
660475201
660482200
660530200
660530201
660530202
660538200
660538201
660538202
660538203
660538204
660538205
660538299
660542201
660547201
660547202
660547203
660547204
660547205
660547206
660547207
660547208
660547209
660547210
660547211
660547212
660547213
660547214
660547215
660547216
660547217
660547218
660547219
660547220
660547221
660547222
660547223
660547224
660547225
660547226
660547227
660547231
660547232
660550200
660558200
660639200
660649200
660616201
660616202
660616203
660616204
660616205
660667200
660667201
660667202
660667203
660667204
660623201
660623202
660623203
660623204
660623205
660690201
660690202
660690203
660648201
660648202
660706200
660706201
660706205
660708207
660708211
660708224
660708231
660708234
660708252
660708259
660708267
660708270
660708274
660708275
660708276
660708282
660708284
660785201
660785202
660784201
660784202
660716200
660716201
660716202
660727201
660792201
660798201
660805201
660806201
660809200
660743201
660745201
660814201
660818200
660818202
660818205
660818206
660818207
660818212
660818213
660818231
660818232
660846200
660855201
660861201
191270200
191270201
191270203
191297201
191324200
191324210
191373200
191481200
191482200
191525200
191540200
191696200
191758200
191990201
191990202
595006200
595073200
595126200
595156200
595289280
595309200
595288200
595492200
595576201
595576202
595576203
595576204
595576205
595576206
595576207
595576208
595576209
595576210
595610280
595620201
595620202
595620203
262083200
262083210
262083220
262089200
262089210
262089220
262186200
262186210
262186220
262206200
262206210
262206220
262211200
262211210
262211220
262211230
262221200
262221210
262221220
262223200
262223210
262223220
262268200
262270200
262270210
262271200
262290200
262290201
262291200
262291201
262291203
262292201
262316200
262332200
262348200
262358200
262371200
262384200
262398200
262398210
262398220
262398230
262398240
262398250
262398260
262395200
262400200
262408200
262413200
262420200
262447200
262447210
262447220
262447230
262447240
262447250
262447260
262457200
262457210
262460200
262469200
262469210
262469220
262503200
262503220
262508200
262508210
262513200
262513220
262564200
262565200
262629200
262629210
262629230
262660200
262661200
262661210
262661220
262662200
262734200
262734210
262739200
262745200
262749200
262749210
262780200
262847200
262882201
262882202
262882203
262894201
262894202
262894203
262894204
662015200
662027200
662033200
662043200
662099200
662058200
662111200
662153200
662193200
662198200
662245200
662252200
662285200
662328200
662354200
662358200
662346200
662388200
662442200
662451200
662463200
662466200
662471200
662541200
662542201
662543200
662543201
662544200
662545200
662545210
662546200
662548200
662548210
662549200
662549210
662553200
662561200
662562200
662563200
662565200
662566200
662568200
662569200
662569202
662570200
662574200
662620201
662620202
662620203
662620204
662620205
662620206
662620207
662620208
662620209
662620210
662620211
662620212
662620213
662620214
662620215
662620216
662620217
662620218
662620219
662620220
662620221
662620222
662620223
662620224
662620225
264297201
264297202
264297203
264297204
264297205
264297206
264297207
264297208
264297209
264297210
264297211
264297212
264297213
264297214
264297215
264661200
264662200
264895201
264895202
264895203
264895204
264895205
264895206
264895207
264895208
264895209
264895210
264895211
264895212
264895213
264895214
264895215
264895216
264895217
264895218
264895219
264895220
264895221
264895222
264895223
264895224
264895225
264895226
264895227
264895228
264895229
264895230
264895231
264895232
664336200
664383200
664378200
145019200
145030200
145297201
145297202
145297203
145297204
145320200
145321200
145336200
145355200
145433200
145492200
145504200
145504201
145744200
145780200
145865201
145865202
145865203
145865204
145865205
145865206
145865207
145865208
145865209
145865210
145865211
145865212
145865213
145865214
145865215
145865216
145865217
145865218
145865219
145865220
145865221
145865223
145865224
145865225
145865226
145865227
145865228
145865229
145876201
145876202
145876203
145876204
145876205
145876206
145876207
145877201
145877202
145877203
145877204
145877205
145888201
145888202
145888203
145888204
145893201
145893202
145893203
145893204
145893205
145893206
145893207
145893208
145893209
145893210
145893211
145893212
145893213
145893214
145893215
145893216
145893217
145893218
145893219
145893220
145893221
145893222
145893223
145893224
145893225
145893226
145893227
145893228
145893229
145893230
145893231
145893232
145893233
145893234
545133200
545204200
545204201
545366200
545374200
545555201
545555202
545555203
545555204
545555205
545555206
545555207
545555208
545555209
545555210
545555211
545555212
545555213
545555214
545555215
545555216
545555217
545555218
545555219
545555220
545555221
545555222
545555223
545555224
545555225
545555226
545555227
545555228
545555229
545555230
545586200
545620201
545620202
545620203
545620204
545620206
545620207
545620209
545620210
545620211
406152200
406366200
406552200
277002200
277039200
277057200
277057201
277069200
277318200
277498200
277559200
277882201
280297201
280297202
280297203
280297204
280297205
280864200
280895201
280895202
280895203
280895204
280895205
280895206
280895207
280895208
280895209
280895210
280895211
280895212
280895213
280895214
680005200
680030200
680306200
680560200
680552200
680620200
679595201
679595202
269151200
269180200
269264200
269296200
269297201
269325200
269326200
269528200
269540200
269565200
269709200
269752200
269782200
269831201
269847200
269852201
269853201
269861201
269861202
269861204
269861205
269861206
269861207
269861208
269861209
269861210
269861211
269861212
269861213
269861215
269861216
269861217
269861218
269861219
269861220
269861221
269861222
269861223
269861224
269861225
269861026
269861227
269861228
269861229
269861230
269861231
269861232
269865201
269865202
269865204
269865205
269865206
269865207
269865208
269865209
269865210
269865211
269865212
269865213
269865215
269865216
269865217
269865218
269865219
269865220
269865221
269865222
269865223
269865224
269865225
269865226
269865227
269865228
269865229
269865230
269865231
269865232
269876201
269876202
269876203
269877201
269877202
269877203
269877204
269877205
269877206
269877207
269888201
269890201
269890202
269890203
269890204
269890205
269890206
269890207
269890208
269890209
269890210
269890211
269894201
269894202
269894203
269894204
269894205
269894206
269894207
269894208
269894209
269894210
269894211
269894212
269894213
269894214
269894215
269894216
269895201
269895202
269895203
269896201
269896202
269896203
269896204
269896205
269896206
269896207
269896208
269896209
269896210
269896211
269896212
269896213
269897201
269897202
269897203
269897204
269897205
269897206
269897207
269897208
269897209
269897210
269897211
269897212
269897213
669142200
669401200
669432200
669534200
669576201
669576202
669576203
669576204
669576205
669576206
669576207
669576208
669576209
669576210
669576211
669576212
669576213
669576214
669576215
669576216
669576217
669576218
669576219
669576220
669576221
669576222
669576223
669576224
669576225
669576226
669576227
669576228
669576229
669620201
669620202
669620203
669620204
669620205
669620206
669620207
669620208
669620209
669620210
669620211
678068201
678557200
678558200
678559200
678560200
678561200
678562200
713200200
713588200
713796200
713796201
281011200
281033200
281075200
281066201
281066202
281066203
281092200
281092201
281092203
281095200
281098200
281101200
281104200
281107200
281122200
281125200
281128200
281131200
281134200
281141200
281144200
281147200
281150200
281154200
281154201
281154203
281160200
281160204
281160203
281160205
281163200
281172200
281172201
281172202
281254200
281256200
281258200
281259200
281259201
281260200
281262200
281268200
281271200
281276200
281292200
281306200
281346200
281352200
281360200
281423200
281424200
281425200
281432200
281387200
281387210
281393200
281477200
281542200
281542201
281542203
281546200
281550200
281554200
281558200
281562200
281576200
281582200
281588200
281594200
281600200
281612200
281616200
281619200
281622200
281630200
281630201
281630203
281644200
281644203
281650200
281663200
281663201
281663202
281675200
281675201
281757201
281757202
281757203
281757204
281757205
281757206
281757207
281757208
281757209
281757210
281757211
281757212
281757213
281757214
281757215
281757216
281757217
281757218
281757220
281757221
281757222
281762201
281762202
281762203
281762204
281762205
281762206
281762207
281830200
281870201
681007200
681024200
681029200
681308200
681317201
681317202
681317203
681317204
681317205
681317206
681341200
681380200
681412200
681412201
681620201
681620202
681620203
681620204
681620206
681620207
681620209
681620210
681620211
681620213
681620214
681620216
681620217
681620218
681630202
681630204
681630205
681630206
681630207
681630208
681630209
681630210
681630212
681630213
681630214
681630217
681630218
681630219
681630220
681630221
681630222
681630223
681644200
681644201
681645200
681646200
681647200
681648200
681649200
681665200
681666200
681667200
681668200
681684200
681685200
681687200
681688200
681702200
681702201
681719200
681719201
681719204
681736200
681770200
681770201
681770203
681732200
681780200
681782200
681787200
681787201
681787202
681831201
681831202
681831203
681831204
681831205
681831206
681831207
681790200
681790201
681791200
681791201
681792200
681793200
681794201
681794202
681794203
681794204
681794205
681794206
681794207
681794208
681794209
681794210
681794211
681794212
681794213
681794214
681794215
681794216
681794217
681794218
681794219
681794221
681772200
278015200
278033200
278105200
278180200
278213200
278270200
278452200
278516200
278810200
278822200
278852200
278852201
278852203
278871201
278871202
278871203
403318200
403331200
403342200
403360200
403366200
403828200
403870201
682015200
682016200
682270200
682276200
682302200
682306200
682620201
682780200
682790200
283003200
283116200
283310200
283336200
285061200
685620200
685790200
307057200
307057201
307297201
307297202
307297203
307726200
307894201
307894202
707009200
707150200
707522200
707576200
707588200
301057200
301297201
301297202
301297203
301297204
301297205
301297206
301297207
301297208
301297209
301899201
301899202
301899203
301899204
301899205
301899206
301899207
301899208
301899209
301899210
301899211
301899212
298057200
298297201
298297202
298297203
298297204
298297205
298297206
298297207
298297208
298297209
298297210
298297211
298311200
298412200
298414200
298780200
298786200
298792200
298847200
298854200
298855200
298887201
298887202
298887203
298888201
298888202
298888203
298888204
298888205
298888206
298888207
298888208
298888209
298888210
298888211
298888212
298893201
298893202
298893203
298893204
298893205
298893206
298893207
298893208
298893209
298894201
298894202
298894203
298894204
298894205
298894206
298894207
298894208
298894209
298894210
298894211
298894212
298894213
298894214
298894215
298894216
298894217
298894218
298894219
298894220
298894221
298894222
298894223
298894224
298894225
298894226
298894227
298894228
298894229
298894230
298895201
298895202
298895203
298895204
298895205
298895206
298895207
298895208
786030200
786042200
786042201
786062200
786090201
786090202
786090203
786090204
786090205
786090206
786120200
786240200
786300200
786522200
786558200
786564200
786564201
786620201
786620202
786620203
374297201
374297202
374896201
374896202
374896203
302039200
302162200
302660200
302677200
302714200
302714202
302714203
302726200
302738200
302876201
302893201
702019200
702029200
702029210
702033200
702085200
702086200
702095200
702158200
702176200
702176202
702176203
702230200
702237200
702241200
702284200
702294200
702360200
702396200
702402200
702402202
702402203
702408200
702425200
702559200
702586200
702592200
702594200
702601200
702633201
702633202
702633203
702643201
702643202
702643203
702658201
702658202
702658203
702658204
702664201
702664202
702664203
702664204
702677201
702677202
702683201
702683202
702746201
702746202
702746203
702674201
702674202
702758201
702758202
702691201
702703200
103894201
103894202
103894203
303297201
303894201
303894202
303894203
176297201
576025200
576030200
576044200
576062200
576091200
576356200
576360200
305297201
305297202
305297203
305297204
305894201
305894202
305894203
305894204
306297201
306297202
306894201
306894202
306894203
306894204
306894205
706170200
706326200
706372200
706432200
706565200
706576201
706576203
308297201
308894201
308894202
308894203
308894204
308894205
312035200
312040200
312049200
312079200
312307200
312328200
312398200
312406200
312426200
312433200
312469200
312522200
312550200
312563200
312573200
312589200
312597200
312604200
312653200
312681200
312709200
312730200
312758200
312758220
312772200
312846200
312894201
312894202
312894203
312894204
712012200
712093200
712138200
712160200
712174200
712267200
712330200
712325200
712354200
712505200
712599200
712620201
712620202
712620203
712620204
712620205
712620206
712620207
712620208
712620209
318001200
318007200
318007210
318007220
318007230
318008200
318008210
318016201
318016202
318016203
318016204
318016205
318016206
318016207
318016208
318016209
318016210
318016211
318016212
318016213
318016214
318016215
318016216
318016217
318016218
318017201
318017202
318017203
318017204
318017205
318017206
318017207
318017208
318017209
318017210
318017211
318034200
318034210
318036200
318036210
318038200
318038210
318038220
318038230
318069200
318094200
318094202
318094203
318264200
318291200
318291202
318292200
318297201
318310200
318311200
318338200
318339200
318350200
318373200
318375200
318408200
318463200
318467200
318600200
318653200
318753200
318755200
318758200
318768200
318822200
318833201
318852200
318852201
318876201
318895201
318895202
318895203
318895204
318895205
318895206
318895207
718012200
718033200
718040200
718075200
718087200
718110200
718214200
718234200
718224200
718287200
718330200
718350200
718355200
718365200
718402200
718562200
718562202
718567200
718569200
718572201
718572202
718572203
718572204
718572205
718572206
718572207
718572208
718572209
718572210
718572211
718572212
718572213
718572214
718572215
718572216
718572217
718572218
718572219
718572220
718572221
718572222
718572223
718572224
718572225
718572226
718572227
718572228
718572229
718572230
718572231
718572232
718572233
718572234
718572235
718572236
718572237
718572238
718572239
718572240
718572241
718572242
718572243
718572244
718572245
718572246
718572247
718572248
718572249
718572250
718572251
718572252
718572253
718572254
718572255
718572256
718572257
718572258
718572259
718572260
718572261
718572262
718572263
718572264
718572265
718572267
718572268
718572269
718578200
718580200
718590200
718620201
718620202
718620203
718620204
718620205
718620206
718620207
718620208
718620209
718620210
718620211
718620212
718620213
718620214
718620215
718620216
718620217
718620218
718620219
718620220
718620221
718620222
718620223
718620224
718620225
718620226
718620227
718620228
718620229
718620230
718620231
718620232
718620233
718620234
718620235
718620236
718620237
718620238
718620239
718620240
718620241
718620242
387015200
387021200
387297201
387297202
387297203
387297204
387297205
387348200
387367200
387371201
387371202
387371203
387371204
387444200
387450200
387510200
387726200
387738200
387750200
387782200
387837201
387837202
387858201
387858202
387858203
387858204
387858205
387858206
387858207
387858208
387858209
387858210
387858211
387858212
387858213
387858214
387858215
387858216
387858217
387858218
387858219
387858220
387866200
387876201
387876202
387888201
387888202
387889201
387890201
387894201
387894202
387894203
387894204
387894205
387894206
387894207
387894208
387894209
387894210
387894211
387894212
387894213
387894214
387894215
387894216
387894217
387894218
387894219
387894220
387894221
387894222
387894223
387894224
387894225
787001200
787090200
787210200
787246200
787421200
787576201
787576202
787576203
787576204
787576205
787576206
787576207
787576208
787576209
787576210
787576211
787576212
787576213
787576214
787576215
787576216
787576217
787576218
787576219
787576220
787576221
787576222
787576223
787576224
787576225
787600201
787600202
787600203
787600204
787600205
787600206
787600207
787600208
787600209
787600210
787600211
787600212
787600213
787600214
787600215
787600216
787600217
787600218
787600219
787600220
787600221
320297201
320297202
320297203
320894201
320894202
339308200
339826200
339827200
324018200
324057200
324057201
324094200
324090200
324121200
324141200
324265200
324297201
324297202
324389200
324377200
324390200
324390210
324419200
324453200
324430200
324452200
324462200
324499200
324499220
324533200
324534200
324559200
324562200
324586200
324575200
324589200
324594200
324605200
324626200
324672200
324674200
324699200
324699220
324699230
324699240
324729200
324756200
324834201
324835201
324835202
324845201
324848201
324848202
324857200
324858200
324840200
324853201
324853202
324870201
324870202
324856201
324895201
324895202
324895203
324895204
324895205
324895206
324895207
324895208
324895209
324895210
724003200
724008200
724010200
724033200
724035200
724048200
724048202
724095200
724101200
724123200
724256200
724256201
724265200
724271200
724343200
724349200
724416200
724573200
724620201
724620202
724620203
724620204
724620205
724620206
724620207
724620208
724620209
724620210
724620211
724620212
724620213
724620214
724620215
350011200
350026200
350034200
350081200
350297201
350303200
350467200
350561200
350834200
750027200
750177200
750540200
750620200
157050200
157050210
157050220
157051200
157052200
157102200
157166200
557620201
326265200
326266200
326297201
326297202
326297203
326297204
326297205
326297206
326297207
326297208
326297209
326297210
326297211
326297212
326297213
326297214
326297215
326297216
326830201
326830202
326883201
326896201
326896202
326896203
326896204
326896205
326896206
326896207
326896208
326896209
326896210
326896211
326896212
726190200
726294200
726378200
726485200
726501200
726558200
726576200
726615200
726614200
726664200
726702200
726779200
328056200
328056201
328081200
328057200
328057201
328057202
328285200
328297201
328297202
328297203
328297204
328297205
328297206
328297207
328297208
328297209
328297210
328297211
328297212
328297213
328297214
328297215
328304200
328304201
328305200
328307200
328336200
328322200
328350200
328357200
328328200
328391200
328383200
328379200
328449200
328450200
328397200
328441200
328459200
328432200
328432201
328473200
328431200
328321200
328468200
328477200
328479200
328480200
328466200
328483200
328483201
328498200
328509200
328600200
328606200
328634200
328802200
328689200
328829201
328829202
328829203
328829204
328830201
328832200
328832201
328833201
328833202
328834201
328834202
328840200
328849200
328864201
328871201
328872201
328877201
328877202
328877203
328877204
328877205
328877206
328877207
328877208
328877209
328877210
328877211
328877212
328877213
328877214
328877215
328877216
328877217
328877218
328877219
328877220
328877221
328877222
328877223
328877224
328877225
328877226
328877227
328877228
328877229
328877230
328877231
328877232
328877233
328877234
328877235
328877236
328877237
328877238
328877239
328877240
328877241
328877242
328878201
328878202
328878203
328878204
328878205
328878206
328878207
328878208
328878209
328888201
328888202
328888203
328888204
328888205
328888206
328888207
328888208
328888209
328888210
328888211
328888212
328888213
328888214
328888215
328888216
328895201
328895202
328895203
328895204
328895205
328895206
328895207
328895208
328895209
328896201
328896202
328896203
328896204
328896205
328896206
328896207
328896208
328896209
328896210
328896211
328896212
328896213
728008200
728041200
728045200
728061200
728073200
728102200
728103200
728135200
728159200
728231200
728242200
728256200
728270200
728270201
728290200
728302200
728307201
728307202
728307203
728307204
728307205
728307206
728307207
728307208
728307209
728307210
728307211
728307212
728307213
728307214
728307215
728307216
728307217
728307218
728307219
728307220
728307221
728307222
728307223
728307224
728307225
728307226
728307227
728307228
728331200
728416200
728423200
728428200
728448200
728462200
728536200
728541200
728577201
728577202
728577203
728577204
728577205
728577206
728577207
728577208
728577209
728577210
728577211
728577212
728577213
728577214
728577215
728577216
728577217
728577218
728577219
728577220
728577221
728577222
728577223
728577224
728577225
728577226
728577227
728577228
728577229
728577230
728577231
728577232
728577233
728577234
728577235
728577236
728577237
728577238
728577239
728577240
728577241
728577242
728577243
728577244
728577245
728577246
728577247
728577248
728577249
728577250
728577251
728577252
728577253
728578201
728578202
728578203
728578204
728590201
728590202
728590203
728590204
728620201
728620202
728620203
728620204
728620205
728620206
728620207
728620208
728620209
728620210
728620211
728620212
728620213
728620214
728620215
728620216
728620217
728620218
728620219
728620220
728620221
728620222
728620223
728620224
728620225
728620226
728620227
728620228
728620229
728620230
728620231
728620232
728620233
728620234
728620235
728620236
728601201
728662200
728665200
728700200
728793200
728793201
728793203
330266200
330297201
330659200
330660200
330799201
730443200
730750201
317297201
317438200
317822201
317846201
317883201
717036200
717054200
717061200
717084201
717090201
717096200
717132200
717144200
717145200
717168201
717174200
717246200
717306200
717312200
717366200
717402200
717481200
717540201
717540202
717540203
717540204
717584200
717592201
717592202
717592203
717620201
717620202
717620203
331297201
331297202
327012200
327120200
327178200
327181200
327183200
327332200
327348200
327420200
327492200
327510200
327762200
327762202
327762203
327780200
327792200
327837201
327846200
327891201
340312200
340832200
340833200
341025200
341025201
341025202
341046201
341124200
341270200
341304200
341315200
341315202
341330200
341330201
341345200
341354200
341426200
341442200
341443200
341470200
741048200
741462200
741560200
218009200
218152200
218495200
218498200
218529200
218578200
218642200
218666200
218696200
218826202
218826203
218826204
218882201
218882202
218894201
618397200
618421200
618620200
618620201
408002200
408002210
408032200
295546200
333308200
333826200
333827200
334060200
334121200
334847200
334882201
334895201
734620200
734790200
315895201
319057200
319327200
319552200
319895201
719012201
719020201
719150201
719176201
719182201
719182202
719182203
719182204
719196201
719198201
719199201
719248202
719250200
719296201
719307201
719481201
719482201
719488201
719488202
719488203
719488204
719488206
719488207
719488208
719488209
719488210
719488211
719488212
719488213
719488214
719488215
719488216
719507200
719518201
719518202
719518203
719518204
719518205
719518206
719518207
719518208
719518210
719518211
719518212
719518214
719551201
719552201
719553201
719555200
719559200
719620201
719620203
719606203
719606204
719606205
719606207
719606208
719606209
719606210
719612202
719612203
719612204
719612205
719612207
719612208
719612210
381263200
381313200
381348200
381828200
381835201
381858200
381871201
381876201
381876202
381876203
381876204
381876205
381876206
381882201
381882202
381894201
381894202
381894203
781620200
347002200
347057200
347057201
347060200
347153200
347270200
347271200
347268200
347284200
347287201
347287202
347303200
347313200
347337200
347346200
347463200
347626200
347649200
347671200
347675200
347702200
347710200
347763200
347774201
347774202
347784200
347784201
347784202
347784203
347876200
347870200
347897200
347897201
347867201
347869201
347882201
347882202
347883201
347883202
347884201
347894201
347894202
347894203
747009200
747028200
747036200
747064200
747067200
747106200
747152200
747204200
747220200
747223200
747235200
747313200
747361200
747366200
747390200
747508200
747509200
747529200
747569201
747569202
747569203
747569204
747569205
747569206
747569207
747569208
747569209
747620201
747620202
747620203
747620204
747620205
747620206
747620207
747620208
747620209
747620210
747620211
747620212
747620213
747620214
747604200
747811200
265720200
665132200
271060200
271209200
271510200
349002201
349002202
349002203
349002204
349002205
349008201
349008202
349008203
349010201
349010202
349010203
349010204
349010205
349010206
349010207
349010208
349010209
349010210
349012201
349012202
349012203
349014201
349014202
349014203
349014204
349034200
349075201
349075202
349075203
349075204
349075205
349062201
349062202
349062203
349126200
349132200
349415200
349421200
349513200
349540200
349540201
349601201
349601202
349601203
349660200
349690200
349690201
349732200
349750200
349849200
349849201
349870201
349882201
349890201
349890202
349894201
349894202
749142200
749149200
749176200
749246200
749265200
749339200
749530200
749546200
749554200
749576200
749620201
749620202
749620203
749620204
749620205
263030200
263030210
263030220
263030230
263040200
263057200
263057201
263060200
263303200
263304200
263308200
263312200
263316200
263330200
263479200
263546200
263546210
263666200
263620200
263698200
263870201
263895201
263895202
263895203
263895204
263895205
663004200
663011200
663017200
663110200
663126200
663240200
663324200
663366200
663498200
663540200
663547200
663576201
663576202
663576203
663576204
663576205
663576206
663576207
663576208
663576209
663576210
663576211
663576212
663576213
663576214
663620201
663620202
663620203
663620204
663620205
663620206
663620207
663620208
355297201
355297202
355297203
355894201
355894202
355894203
355894204
380009200
380018200
356003200
356003201
356049200
356064200
356069200
356076200
356076201
356076202
356076203
356076204
356076205
356068200
356073200
356073201
356079200
356079201
356083200
356101200
356091201
356099200
356109200
356161201
356161202
356161203
356161204
356161205
356161206
356161207
356161208
356303200
356314200
356329200
356342200
356414200
356414201
356423200
356423201
356432200
356419200
356453200
356453201
356460200
356448200
356448201
356486200
356486201
356500200
356497200
356549200
356525200
356533200
356546200
356611201
356611202
356611203
356611204
356611205
356611206
356611207
356611208
356611210
356611211
356623200
356636200
356640200
356678200
356687200
356657200
356675200
356652200
356646200
356668200
356694200
356695200
356695201
356695202
356702200
356703200
356733200
356733201
356786200
356833200
356869200
756130200
756096200
756180200
756230200
756234200
756305200
756376200
756390200
756390201
756594200
756594201
756595200
756600200
756607200
756629200
756640200
756654200
756644200
756660200
756661200
756658200
756673200
756736200
756750200
756750201
756750202
756680200
756807200
756705200
756719200
756725201
756721200
756712200
756739200
756739202
756739203
756737200
756737201
756737202
756737203
756737204
756789200
296309200
296320200
343826200
343827200
325057200
325474200
325522200
325384200
325804200
325810200
325870201
325894201
325894202
325894203
725013200
725036200
725037200
725050200
725066200
725072200
725113200
725113201
725114200
725174200
725180200
725192200
725219200
725224200
725234200
725234201
725253200
725276200
725314200
725337200
725371200
725380200
725386200
725390200
725414200
725414202
725414203
725414204
725414205
725469200
725486200
725492200
725499200
725504200
725528200
725588200
725620201
725620202
725620203
725620204
725620205
725620206
725620208
725620209
725740200
725792201
725792202
725792203
725792204
725792206
725792207
725792208
725792209
725792210
725792211
725792212
725792213
725792214
725792215
725792216
725792217
725792218
725792219
725792220
725792221
725792222
725792223
379009200
379009210
379010200
379010210
379018200
379120200
379302200
379630200
379780200
401006200
401066200
401072200
401210200
401234200
401295200
401318200
401384201
401384202
401384203
401384204
401420201
401420202
401420203
401444200
401504200
401553200
401600200
401720200
401744201
401744202
401745200
401745201
401745202
401745204
401768200
401780200
401792200
401817200
401870201
401870202
401870203
401894201
401894202
801012200
801018200
801120201
801120202
801120203
801253200
801300200
801480200
801492200
801620201
801620202
801620203
801620204
801620205
801620206
801620207
801620208
801620209
801620210
801620211
801620212
801620213
801620214
801756200
801790200
365060200
365268201
365308200
