102001200
102050200
102109200
102401200
102403200
102447200
385003200
385882201
104057200
104312200
104327201
104336201
104599200
104640200
104738200
104773200
104792201
104794201
104798201
104800200
104829200
104846201
104864200
104866200
104871200
104882201
104888201
504010200
504014200
504242200
504546201
105433200
105666200
105872200
505010200
505133200
505230200
505366200
404009200
404426200
286057200
286307200
286362200
286511200
286894201
686006200
686066200
686108200
686180200
686370200
111057201
111428200
111423200
111424200
111399201
111480200
111497201
111543200
111549200
111615201
111629200
111680200
111691200
111724200
111785200
111805200
111879200
111868200
111857201
111865200
111882201
111896201
511027200
511051200
511047200
511169200
511230200
511195200
511234200
511257200
511266200
511291200
511441200
511450200
511559200
511521201
511620201
384372200
384409200
384414200
384618200
384694200
384737200
384884201
384894201
784042200
784072200
784109200
784114200
784192200
784198200
784468200
784546200
784590200
287016201
287057200
287325200
287344200
287336200
287370200
687106200
687240200
115090200
515033200
515052200
515054200
288003200
288014200
288339200
288373200
288376200
288618200
288725200
688182200
688194200
119002200
119016200
119017200
119019200
119020200
119624200
119634200
119641200
119649200
119654200
119657200
119650200
119665200
119821201
119847200
119863200
119872201
119882201
119888201
519366200
519375200
519381200
519386201
519390200
519395200
519400201
519411200
519441200
519620201
118297201
118307200
118311200
118521200
118327200
118527200
118540200
118543200
118561200
118568200
118584200
118593200
118591200
118599200
118635200
118624200
118871201
118883201
118888201
118889201
118894201
518008200
518154200
518200200
518402200
518482200
518960201
518790200
119002200
119016200
119017200
119019200
119020200
119624200
119634200
119641200
119649200
119654200
119657200
119650200
119665200
119821201
119847200
119863200
119872201
119882201
119888201
519366200
519375200
519381200
519386201
519390200
519395200
519400201
519411200
519441200
519620201
257183200
257294200
257889201
257896201
657003200
657030200
657101200
657256200
657495201
657920200
121291200
121426200
121486200
121554200
121714200
121728200
121729200
121733200
121740200
121734200
121735200
121736001
121812200
121872201
121873201
121884201
121881201
121890201
521004200
521092200
521360201
521620200
123421200
123482200
123894201
523427200
523430200
523444200
523452200
523568201
523576200
523620201
250297201
250822200
250894201
650140200
650145200
650156200
650199200
650312200
650522200
650570200
650571200
650572200
650573200
650574200
650575200
650566200
650567200
650579200
650588201
650594200
650620201
782426200
129297201
129894201
529007200
529099200
529174201
529166200
529305200
529406200
529576201
529620200
133405200
133838201
533030200
533050200
533069200
533121200
533190200
533348200
533341200
533378200
533391200
533398200
533406200
533490200
533510200
533594201
134297201
534002200
534012201
534013201
534014201
534018200
534042200
534049200
534054200
534066200
534120200
534121200
534122200
534123200
534138200
534150200
534162200
534174200
534362200
534408200
534516200
027016200
027863200
027869200
027894201
535090201
535120200
535192201
535198201
535243200
535270200
535420201
535619200
535627201
369297201
369327201
369328200
369329200
369828201
369864200
369894201
769482200
769540201
769570200
769571200
769572200
769573200
769574200
769575200
769576200
769577200
769578200
769581200
769582200
769583200
769584200
769585200
769594200
769620201
142057200
142267200
142268201
142290201
142291201
142297201
142330200
142421200
142571200
142660200
142661200
142684200
142696200
142764200
142537201
142852200
142853200
142864201
142876201
142877201
142896201
542019200
542015200
542021200
542024200
542030200
542036201
542108200
542097200
542100200
542101200
542102200
542103200
542109200
542107200
542105200
542106200
542096200
542095200
542089200
542088200
542085200
542149200
542170200
542217200
542218200
542219200
542221200
542223200
542227200
542228200
542229200
542230200
542254200
542255200
542267200
542295200
542309200
542314200
542374200
542376200
542379200
542380200
542381200
542382200
542383200
542384200
542385200
542386200
542387200
542388200
542390200
542391200
542392200
542393200
542394200
542370200
542358200
542338200
542396200
542404200
542405200
542435200
542443200
542447200
542469200
542500200
542502200
542503200
542506200
542432200
542433200
542526200
542534200
542620201
144057200
144291200
144297201
144302200
144440200
144334200
144491200
144535200
144543200
144583200
144618200
144720200
144696200
144739200
144748200
144747200
144768200
144829200
144835200
144873201
144874200
144875200
144895201
144897201
144898201
544060200
544090200
544306200
544348200
544546200
544620200
259010201
259018201
259019201
259302201
259313200
259354200
259362200
259690200
259810200
259816200
259848210
659391200
659571200
371057200
371287201
371288201
371286201
371360200
371750200
371869200
371870201
371871201
371888201
371894201
148542200
148674200
148686200
148726200
148888201
148889201
148894201
548620201
548770200
024001201
024057200
024267200
024297201
024306200
024312200
024360200
024366200
024396200
024402200
024474200
024480200
024516200
024522200
024570200
024624200
024672200
024690200
024696200
024720200
024732200
024768200
024792200
024810200
024827200
024835201
024847200
024882201
024888201
024890201
024894201
040058201
040180201
040271201
040301200
040480201
040668201
040721200
040775201
040824201
840068200
840096201
840132200
840225200
840264200
840276201
840282201
840301201
840324201
840337201
840348201
840383200
840423201
840471200
840503200
840505201
840517200
840523200
840547201
840600201
840677201
840673200
840737200
840767201
840769201
840770201
840775201
152016200
152018201
152019201
152266200
152301200
152618200
152762200
152833201
152846201
152888201
152895201
556256200
556499201
556530200
556620200
556775200
187105201
187686201
187709200
187822200
187894201
587005200
587077200
587179201
587217280
587232201
587239200
587276200
587294201
587357201
587368200
587387200
587405280
587509200
587522200
587562200
587582200
587581201
587620201
539062200
539063200
539132200
539205200
539528201
539540201
173016200
173032200
173049200
173051200
173135200
173168200
173180200
173190200
173202200
173204200
173205200
173337200
173354200
173381200
173391200
173396200
173571201
173660200
573068200
573270201
573613200
573618200
573628200
573630200
573682201
573781201
573794200
175057200
175297201
175890201
141057200
141063200
141069200
141076200
141085200
141325200
141617200
141633200
141655200
141656200
141657200
141665200
141678200
141870201
141871201
141895201
541620201
541606200
541608200
402600200
402870201
402876201
402894201
802300200
802594201
028426200
028450200
028684200
028872201
028878201
028888201
028894201
216030200
216342200
216420200
411057200
411336200
411408200
411426200
411517200
411518200
411612200
411618200
411858200
411862200
411978200
411888201
411894201
811002200
811024200
811036200
811150200
811186200
811212200
811312200
811518200
811524200
811530200
811548200
811556200
811562200
811563200
811569200
811577200
811578200
811588200
811620201
128057200
128297201
128439200
128445200
128487200
128570200
128671201
128783200
128858201
128867201
128885201
128886201
128887201
128888201
128896201
528577201
528582201
528620201
528790200
180057201
180264200
180374200
180420200
180334200
180328200
180421200
180428200
180438200
180480200
180558200
180611200
180673200
180720200
180740200
180828200
180534200
180870201
180841201
180900201
580061200
580014200
580023200
580017200
580033200
580035200
580036200
580048200
580026200
580045200
580071200
580078200
580091200
580111200
580114200
580127200
580168200
580174200
580195200
580230200
580236200
580297200
580313200
580383200
580414200
580422200
580429200
580474200
580480200
580488200
580494200
580512200
580522200
580528200
580586200
580600201
580775200
183057201
183276200
183297201
183348200
183324200
183420200
183573201
183792201
183794200
183801201
183803200
183822201
183839200
183834201
183835200
183866200
183572200
183870201
183871201
183876201
183872201
183873201
183881201
183900200
583065200
583067200
583066200
583185200
583180200
583210200
583216201
583217201
583226201
583242201
583145200
583276200
583270200
583280200
583349200
583385201
583391200
583403200
583404201
583418200
583421201
583431200
583478201
583482201
583493200
583442200
583828200
583428201
583565201
583587201
583591200
583783200
190297201
190460201
190493201
190495200
190511201
190790200
190836200
190894201
594013200
594046280
594039200
594053200
594060280
594066200
594074200
594094200
594121200
594151200
594173280
594175200
594178200
594183200
594185280
594188200
594194200
594211200
594229201
594238200
594312200
594368200
594410200
594412201
594571201
594576201
594582201
594594201
594620201
186285201
186425201
186865201
586000280
586006280
586596201
586620201
586795201
196120200
196113201
196112200
196056201
196275200
196276200
196293200
196297201
196303200
196313200
196385200
196388200
196373200
196376200
196394200
196389200
196402200
196425200
196445200
196451200
196475200
196472200
196511200
196518200
196522200
196529200
196534200
196541200
196552200
196570200
196599200
196601200
196602200
196607200
196610200
196642200
196669200
196686200
196698200
196703200
196728200
196734200
196738200
196739200
196773200
196800201
196807200
196809200
196811200
196831201
196843200
196844200
196856200
196845201
196842201
196873201
196846201
196894201
596318200
596338200
596413200
596438200
596448200
596454200
596455200
596467200
596420200
596620201
596790200
197066201
197093201
197085201
197106200
197119201
197120200
197126200
197342201
194009201
194036201
194006201
194099201
194010201
194481201
194750200
194870201
600679200
600680200
600681200
600682200
600684200
600685200
184006201
184474200
184720200
184782200
184812200
184834200
184858200
184989201
184894201
684593200
684623201
684604201
684621200
684622200
684624200
042297201
042300200
042540201
042616200
042642201
042684200
042882201
842019201
842012201
842036201
842042201
842048201
842079201
842084201
842240200
842303201
842314200
842315200
842316200
842313200
842347201
842351200
842384200
842420201
842570200
842571200
842569200
842574200
842575200
842576200
842577201
842578200
842579200
842580200
842581200
842600201
842602200
842622201
842624200
842742200
044297201
844134201
844163200
844180200
844186200
844240201
844259201
844264200
844294201
844343201
844421200
844438201
844546202
844552200
844558200
844600202
844608201
208057200
208213201
208251200
208252200
208253200
208254200
208255200
208260200
208263200
208265200
208269200
208275200
208276200
208354200
208434200
208452200
208465200
208476200
208582200
208667201
208668200
208669200
208670200
208671201
208676200
208679200
208681200
208685201
208689200
208692200
208690200
208726201
208762201
208775200
208786200
208816200
208829200
208871201
208884201
208898201
608012200
608019200
608042200
608048200
608134200
608420200
608486200
608546200
608552200
608620201
026894201
238296200
238301200
238302200
238408200
238433200
238435200
238444200
238445200
238456200
238492200
238504200
238512200
238552200
238567200
238606200
238615200
238618200
238624200
238626200
238630200
238678200
238684200
238751200
238768201
238788200
238800200
238819200
238829200
238872201
238895201
638018200
638024200
638036200
638037200
638049200
638057200
638067200
638072200
638102200
638114200
638132200
638138200
638144200
638252200
638438200
638444200
638456200
638499200
638500200
638505200
638468200
638542200
638551200
638564200
638572200
638576200
638584200
638588201
638589201
638600200
638601200
638606200
638610200
638624200
638626201
638627200
638632200
638647200
638660200
638662200
638668201
638703200
638707200
638709200
638718200
638763201
638772201
638774201
638778200
638790200
638792200
638796200
236003201
236006201
236009201
236012201
236015201
236018201
236036200
236057200
236297201
236301200
236307200
236330200
236384200
236430200
236504200
236522200
236553200
236683200
236696200
236537201
236847200
636013200
636019200
636024200
636042200
636420200
636620201
405312200
405324200
405331200
405336200
405354200
405425200
405426200
405501200
405504200
405584200
405810200
405822200
405850200
405870201
405871200
405890201
405894201
805312200
805318201
805510200
805620200
805790200
226006201
226062201
226068201
226083201
226092201
226182201
226212201
226221201
226227201
226275201
207271201
207290200
207312200
207369200
207402200
207483200
207517200
207523200
207545200
207556200
207564200
207606200
207682200
207697200
207738200
207772200
207832201
207846200
207866200
207870201
207883201
207830201
607044200
607168200
607206200
607218200
607390200
607536200
607550200
607560200
607594200
607596200
607620201
215010201
215015201
215025201
215030201
215057200
215266200
215362200
215373200
215552200
215624200
215648200
215738200
215849200
215882201
215896201
615254200
615420200
615620201
224327200
224552200
224896201
022057200
022097201
022660200
022896201
022895201
522620200
149324200
149396200
549367200
549407200
809002200
809026200
809036200
809090200
809096200
809152201
809192200
809298200
809312200
809390200
809522201
809528200
809540201
809600201
809644201
809646201
809660200
809668201
809441201
809690200
809699200
290007200
290398200
290448200
290496200
290828200
290882201
290896201
690262200
221066201
221289200
221292201
221293201
221294201
221279201
221283201
221297201
221315200
221340200
221344200
221351200
221353200
221372200
221392200
221395200
221420200
221441200
221451200
221465200
221476200
221506200
221513200
221564200
221567200
221604200
221615200
221633200
221639200
221684200
221693200
221697200
221741200
221760200
221780200
221894201
221744201
221790200
221791201
221795200
221792201
221887201
221888201
221895201
221896200
221806201
221867201
221809201
221823201
221853201
221898201
621011201
621014201
621023200
621024200
621033201
621036201
621037201
621039201
621045201
621046201
621048201
621082201
621138201
621202201
621208201
621259201
621506201
621620201
621803200
222008200
222033200
222096200
222054201
222049200
222159200
222164200
222173200
222219200
222262200
222270200
222298201
222305200
222301200
222304200
222308200
222325200
222306200
222343200
222366200
222462200
222469200
222474200
222526200
222530200
222738200
222744200
222750200
222762200
222768200
222855200
222895201
276297201
276890201
676179201
676330200
366308200
255023200
627491200
378009200
378018200
228091200
228534200
228894200
628007200
628019200
628234200
628319200
628474200
628493200
628535201
628541200
628550201
628590200
628621200
628646200
628664200
628677200
628724200
628794201
628796200
407846200
407890201
229846200
229890201
229895201
291003200
291063200
291341200
291353200
291335200
291364200
291526200
291822200
291896201
691101200
691102200
691122200
292057200
292366200
634001200
237003201
237009201
237015201
237021200
237024200
237027200
237110200
237300200
237318200
237402200
237462200
237846200
237870201
237889201
237895201
237897201
637265200
637420200
637580200
637620201
261018201
261302201
261315200
261313200
261320200
261439200
261482200
261607200
261847200
661158200
661580200
293057200
293553200
293603200
293730200
293762200
293772200
293792200
267120200
267302200
267308200
267320200
267332200
267847200
667018200
667032200
667060200
667210200
667432200
667573200
667577200
150320200
150375200
550014200
550072200
550138200
640372200
640384200
880202101
880205101
880207101
880208101
880209101
880211101
880212101
880214101
880216101
880217101
880220101
880222101
880224101
880228101
880230101
880236101
880239101
880250101
880266101
880269101
880271101
880273101
880274101
880286101
880290101
880291101
880295101
880300101
880312101
880315101
880317101
880319101
880326101
880327101
880328101
880332101
880338101
880343101
880357101
880363001
880364101
880370101
880380101
880383101
880389101
880391101
880392101
880397101
880401101
880406101
880407101
880426101
880427101
880433101
880434101
880438101
880445101
880447101
880501101
880513101
880521101
880523101
880535101
880542101
880543101
880046101
880547101
880548101
880549101
880551101
880555101
880566101
880069101
880072101
880579101
880587101
880592101
880595101
880610101
880615101
880618101
880622101
880633101
880639101
880640101
880641101
880645101
880988101
880948101
880650101
880653101
880655101
880656101
880668101
880669101
880672101
880673101
880068101
880688101
880700101
880001101
880705101
880708101
880010101
880712101
880714101
880715101
880017101
880720101
880021101
880724101
880725101
880728101
880735101
880736101
880740101
880744101
880747101
880048101
880750101
880755101
880810101
880811101
880050101
880940101
246309200
246450200
246504200
246780200
246786200
246798200
246850200
252047201
252267200
252852200
252853200
652620201
253297201
253312200
253361200
253691200
253745200
253882201
253894200
653017200
653072200
653146200
653149200
653382200
653383200
653390200
653391200
653406200
653407200
653435200
653440200
653459200
653394200
653512200
653518200
653620201
653704200
653725200
653680200
653795201
260057201
260297201
260320200
260491200
260492200
260510200
260518200
260528200
260539200
260540200
260541200
260548201
260605200
260780201
260870201
260894201
660029200
660072200
660074200
660098200
660139200
660141200
660160200
660152200
660159200
660168201
660186200
660189200
660190201
660192200
660194200
660196200
660143200
660144200
660145200
660199200
660224201
660229200
660240201
660254200
660268200
660271200
660300201
660338200
660321201
660325200
660347200
660353200
660364200
660371200
660373201
660380200
660384200
660390200
660451201
660421201
660422200
660428200
660454200
660475201
660482200
660530200
660538200
660542201
660547201
660550200
660558200
660639200
660649200
660616201
660667200
660623201
660690201
660648201
660706200
660708207
660785201
660784201
660716200
660727201
660792201
660798201
660805201
660806201
660809200
660743201
660745201
660814201
660818200
660846200
660855201
660861201
191270200
191297201
191373200
191481200
191482200
191525200
191540200
191696200
191758200
191990201
595006200
595073200
595126200
595156200
595289280
595309200
595288200
595576201
595610280
595620201
262270200
262271200
262290200
262291200
262292201
262316200
262332200
262734200
262739200
262745200
262847200
262882201
262894201
662015200
662033200
662043200
662099200
662058200
662111200
662193200
662198200
662245200
662252200
662285200
662328200
662354200
662358200
662346200
662388200
662442200
662451200
662463200
662466200
662471200
662541200
662542201
662543200
662544200
662545200
662546200
662548200
662549200
662553200
662561200
662562200
662563200
662565200
662566200
662568200
662569200
662570200
662574200
662620201
264297201
264661200
264662200
264895201
664336200
664383200
664378200
145019200
145297201
145321200
145355200
145433200
145504200
145744200
145780200
145865201
145876201
145877201
145888201
145893201
545133200
545204200
545366200
545374200
545555201
545586200
545620201
406366200
406552200
277002200
277039200
277057200
277069200
277318200
277498200
277559200
277882201
280297201
280895201
680005200
680030200
680306200
680560200
680552200
680620200
679595201
269264200
269296200
269326200
269782200
269831201
269847200
269852201
269853201
269861201
269865201
269876201
269877201
269888201
269890201
269894201
269895201
269896201
269897201
669142200
669401200
669432200
669534200
669576201
669620201
678068201
678557200
678558200
678559200
678560200
678561200
678562200
713200200
713588200
713796200
281011200
281075200
281066201
281092200
281095200
281098200
281101200
281104200
281107200
281122200
281125200
281128200
281131200
281134200
281141200
281144200
281147200
281150200
281154200
281160200
281163200
281172200
281254200
281256200
281258200
281259200
281260200
281262200
281268200
281271200
281276200
281292200
281306200
281346200
281352200
281360200
281423200
281424200
281425200
281432200
281393200
281542200
281546200
281550200
281554200
281558200
281562200
281576200
281582200
281588200
281594200
281600200
281612200
281616200
281619200
281622200
281630200
281644200
281650200
281663200
281675200
281757201
281762201
281830200
281870201
681007200
681024200
681029200
681308200
681317201
681341200
681380200
681412200
681620201
681630202
681644200
681645200
681646200
681647200
681648200
681649200
681665200
681666200
681667200
681668200
681684200
681685200
681687200
681688200
681702200
681719200
681736200
681770200
681732200
681780200
681782200
681787200
681831201
681790200
681791200
681792200
681793200
681794201
681772200
278270200
278810200
278822200
278852200
278871201
403318200
403331200
403342200
403360200
403366200
403828200
403870201
682015200
682016200
682270200
682276200
682302200
682306200
682620201
682780200
682790200
283003200
283116200
283310200
283336200
685620200
685790200
307057200
307297201
307726200
307894201
707009200
707150200
707522200
707576200
707588200
301057200
301297201
301899201
298057200
298297201
298412200
298414200
298780200
298786200
298792200
298847200
298854200
298855200
298887201
298888201
298893201
298894201
298895201
786030200
786042200
786062200
786090201
786120200
786240200
786300200
786522200
786558200
786564200
786620201
374297201
374896201
302162200
302660200
302714200
302738200
302876201
302893201
702019200
702033200
702085200
702086200
702095200
702158200
702176200
702230200
702237200
702241200
702284200
702294200
702360200
702396200
702402200
702408200
702425200
702559200
702586200
702592200
702594200
702601200
702633201
702643201
702658201
702664201
702677201
702683201
702746201
702674201
702758201
702691201
103894201
303297201
303894201
576025200
576030200
576044200
576062200
576091200
576356200
576360200
305297201
305894201
306297201
306894201
706170200
706326200
706372200
706432200
706565200
706576201
308297201
308894201
312398200
312406200
312426200
312433200
312469200
312522200
312563200
312597200
312681200
312709200
312730200
312772200
312846200
312894201
712012200
712093200
712138200
712160200
712174200
712267200
712330200
712325200
712354200
712505200
712599200
712620201
318016201
318017201
318094200
318264200
318291200
318292200
318297201
318753200
318755200
318758200
318768200
318822200
318852200
318876201
318895201
718012200
718033200
718040200
718075200
718087200
718110200
718214200
718234200
718224200
718287200
718330200
718350200
718355200
718365200
718402200
718562200
718567200
718569200
718572201
718578200
718580200
718590200
718620201
387297201
387348200
387371201
387444200
387726200
387837201
387858201
387866200
387876201
387888201
387889201
387890201
387894201
787001200
787090200
787246200
787421200
787576201
787600201
320297201
320894201
339308200
339826200
339827200
324057200
324141200
324265200
324297201
324377200
324453200
324499200
324559200
324562200
324575200
324589200
324594200
324605200
324626200
324756200
324834201
324835201
324845201
324848201
324857200
324858200
324840200
324853201
324870201
324856201
324895201
724003200
724008200
724010200
724033200
724035200
724048200
724095200
724101200
724123200
724256200
724265200
724271200
724343200
724349200
724416200
724573200
724620201
350011200
350026200
350034200
350081200
350297201
350303200
350467200
350561200
350834200
750027200
750177200
750540200
750620200
557620201
326265200
326266200
326297201
326830201
326883201
326896201
726190200
726294200
726378200
726485200
726501200
726558200
726576200
726615200
726614200
726664200
726702200
726779200
328056200
328081200
328057200
328285200
328297201
328304200
328322200
328391200
328383200
328379200
328397200
328441200
328459200
328432200
328473200
328431200
328321200
328477200
328479200
328480200
328483200
328498200
328509200
328600200
328606200
328634200
328802200
328689200
328829201
328830201
328832200
328833201
328834201
328840200
328849200
328864201
328871201
328872201
328877201
328878201
328888201
328895201
328896201
728008200
728041200
728045200
728061200
728073200
728102200
728103200
728135200
728159200
728231200
728242200
728256200
728270200
728290200
728307201
728331200
728416200
728423200
728428200
728448200
728462200
728536200
728541200
728577201
728578201
728590201
728620201
728601201
728662200
728665200
728700200
728793200
330266200
330297201
330659200
330660200
330799201
730443200
730750201
317297201
317438200
317822201
317846201
317883201
717036200
717054200
717061200
717084201
717090201
717096200
717132200
717144200
717145200
717168201
717174200
717246200
717306200
717312200
717366200
717402200
717481200
717540201
717584200
717592201
717620201
331297201
327183200
327332200
327348200
327420200
327510200
327762200
327780200
327792200
327837201
327846200
327891201
340312200
340832200
340833200
341025200
341046201
341304200
341315200
341330200
341345200
341354200
341426200
341442200
341443200
341470200
741048200
741462200
741560200
218009200
218495200
218498200
218529200
218578200
218642200
218666200
218696200
218826202
218882201
218894201
618397200
618421200
618620200
408002200
408032200
295546200
333308200
333826200
333827200
334847200
334882201
334895201
734620200
734790200
315895201
319057200
319327200
319552200
319895201
719012201
719020201
719150201
719176201
719182201
719196201
719198201
719199201
719248202
719250200
719296201
719307201
719481201
719482201
719488201
719507200
719518201
719551201
719552201
719553201
719555200
719559200
719620201
719606203
719612202
381263200
381828200
381835201
381858200
381871201
381876201
381882201
381894201
781620200
347057200
347153200
347270200
347271200
347268200
347284200
347287201
347671200
347774201
347784200
347876200
347870200
347897200
347867201
347869201
347882201
347883201
347884201
347894201
747009200
747028200
747036200
747067200
747106200
747152200
747204200
747220200
747223200
747235200
747313200
747361200
747366200
747390200
747508200
747509200
747529200
747569201
747620201
747604200
747811200
265720200
665132200
271209200
271510200
349002201
349008201
349010201
349012201
349014201
349034200
349075201
349062201
349415200
349540200
349601201
349660200
349690200
349732200
349750200
349849200
349870201
349882201
349890201
349894201
749142200
749149200
749176200
749246200
749265200
749339200
749530200
749546200
749554200
749576200
749620201
263057200
263546200
263666200
263620200
263698200
263870201
263895201
663004200
663011200
663017200
663110200
663126200
663240200
663324200
663366200
663498200
663540200
663547200
663576201
663620201
355297201
355894201
380009200
380018200
356003200
356049200
356069200
356076200
356068200
356073200
356079200
356083200
356101200
356091201
356099200
356109200
356161201
356314200
356329200
356342200
356414200
356423200
356432200
356419200
356453200
356460200
356448200
356486200
356500200
356497200
356549200
356525200
356533200
356546200
356611201
356623200
356636200
356640200
356678200
356687200
356657200
356675200
356652200
356646200
356668200
356694200
356695200
356702200
356703200
356733200
356786200
356833200
356869200
756130200
756096200
756180200
756230200
756234200
756305200
756376200
756390200
756594200
756595200
756600200
756607200
756629200
756640200
756654200
756644200
756660200
756661200
756658200
756673200
756736200
756750200
756680200
756807200
756705200
756719200
756725201
756721200
756712200
756739200
756737200
756789200
296309200
296320200
343826200
343827200
325057200
325474200
325522200
325384200
325804200
325810200
325870201
325894201
725013200
725036200
725037200
725050200
725066200
725072200
725113200
725114200
725174200
725180200
725192200
725219200
725224200
725234200
725253200
725276200
725314200
725337200
725371200
725380200
725386200
725390200
725414200
725469200
725486200
725492200
725499200
725504200
725528200
725588200
725620201
725740200
725792201
379120200
379302200
379630200
379780200
401006200
401072200
401210200
401234200
401295200
401318200
401384201
401420201
401444200
401504200
401553200
401600200
401720200
401744201
401745200
401768200
401780200
401792200
401817200
401870201
401894201
801012200
801018200
801120201
801253200
801300200
801480200
801492200
801620201
801756200
801790200
365060200
365268201
365308200
